[gd_scene load_steps=17 format=3 uid="uid://ba43tdudc1spe"]

[ext_resource type="PackedScene" uid="uid://c8l04sfvg0fkd" path="res://Scenes/player.tscn" id="1_ahu1g"]
[ext_resource type="Script" path="res://Scripts/level_1.gd" id="1_gmdmc"]
[ext_resource type="PackedScene" uid="uid://pa5ot365330i" path="res://Scenes/Objetos/Plataformas/platform_small.tscn" id="1_r6jg3"]
[ext_resource type="Environment" uid="uid://dt1tnhng8k4mj" path="res://Scenes/main-environment.tres" id="1_yxbdd"]
[ext_resource type="Script" path="res://Scripts/view.gd" id="2_iu037"]
[ext_resource type="PackedScene" uid="uid://bg2whvhv1g5kk" path="res://Scenes/Objetos/Plataformas/platforms_normal.tscn" id="2_yf35e"]
[ext_resource type="Texture2D" uid="uid://cd7oyc56ehkx1" path="res://Assets/Sprites/coin.png" id="3_ksjuc"]
[ext_resource type="Script" path="res://Scripts/hud.gd" id="4_6d7cb"]
[ext_resource type="FontFile" uid="uid://be3w5axqeecqv" path="res://Assets/Fuente/lilita_one_regular.ttf" id="4_e5ean"]
[ext_resource type="PackedScene" uid="uid://b7i0pa2h4kuly" path="res://Scenes/level_2.tscn" id="6_tk6wg"]
[ext_resource type="PackedScene" uid="uid://doegfhjw3jsub" path="res://Scenes/Objetos/Plataformas/platform_falling.tscn" id="8_fyuel"]
[ext_resource type="PackedScene" uid="uid://capkhrejhmhrw" path="res://Scenes/coin.tscn" id="9_7dl5c"]
[ext_resource type="PackedScene" uid="uid://b1ltt4n1c8ei6" path="res://Scenes/change_level.tscn" id="9_x8b10"]
[ext_resource type="PackedScene" uid="uid://dgmaymflm13s6" path="res://Scenes/Objetos/Nubes/cloud_1.tscn" id="11_ejfeg"]
[ext_resource type="AudioStream" uid="uid://qcj1g1vd07t8" path="res://Assets/Sonidos/chill.wav" id="15_nqrsj"]

[sub_resource type="LabelSettings" id="LabelSettings_uwg8i"]
font = ExtResource("4_e5ean")
font_size = 48
shadow_offset = Vector2(2, 2)

[node name="Level1" type="Node3D"]
script = ExtResource("1_gmdmc")

[node name="Environment" type="WorldEnvironment" parent="."]
environment = ExtResource("1_yxbdd")

[node name="Player" parent="." node_paths=PackedStringArray("view") instance=ExtResource("1_ahu1g")]
transform = Transform3D(1, 0, 0, 0, 1, 0, 0, 0, 1, 1.53442, 0.253376, 0)
view = NodePath("../View")

[node name="View" type="Node3D" parent="." node_paths=PackedStringArray("target")]
transform = Transform3D(0.707107, -0.298836, 0.640856, 0, 0.906308, 0.422618, -0.707107, -0.298836, 0.640856, 0, 0, 0)
script = ExtResource("2_iu037")
target = NodePath("../Player")

[node name="Camera" type="Camera3D" parent="View"]
current = true
fov = 37.5

[node name="World" type="Node3D" parent="."]

[node name="Platforms" type="Node3D" parent="World"]

[node name="platform-small" parent="World/Platforms" instance=ExtResource("1_r6jg3")]
transform = Transform3D(0.993171, 0, -0.116671, 0, 1, 0, 0.116671, 0, 0.993171, 1, 0, 0)

[node name="platform-small2" parent="World/Platforms" instance=ExtResource("1_r6jg3")]
transform = Transform3D(0.993171, 0, -0.116671, 0, 1, 0, 0.116671, 0, 0.993171, 1.988, 0, 0.126)

[node name="Platforms-normal" parent="World/Platforms" instance=ExtResource("2_yf35e")]
transform = Transform3D(1, 0, 0, 0, 1, 0, 0, 0, 1, -2.063, 0.993, 0.872)

[node name="Platforms-normal2" parent="World/Platforms" instance=ExtResource("2_yf35e")]
transform = Transform3D(1, 0, 0, 0, 1, 0, 0, 0, 1, -4.656, 0.992, 3.731)

[node name="platform-falling" parent="World/Platforms" instance=ExtResource("8_fyuel")]
transform = Transform3D(0.984808, 0, 0.173648, 0, 1, 0, -0.173648, 0, 0.984808, -8.373, 0.419, 4)

[node name="platform-falling2" parent="World/Platforms" instance=ExtResource("8_fyuel")]
transform = Transform3D(0.994522, 0, -0.104528, 0, 1, 0, 0.104528, 0, 0.994522, -12.6552, -0.315, 4)

[node name="platform-small3" parent="World/Platforms" instance=ExtResource("1_r6jg3")]
transform = Transform3D(0.993171, 0, -0.116671, 0, 1, 0, 0.116671, 0, 0.993171, -16.458, 0, 5.136)

[node name="platform-small4" parent="World/Platforms" instance=ExtResource("1_r6jg3")]
transform = Transform3D(0.993171, 0, -0.116671, 0, 1, 0, 0.116671, 0, 0.993171, -17.444, 0, 5.021)

[node name="Platforms-normal3" parent="World/Platforms" instance=ExtResource("2_yf35e")]
transform = Transform3D(1, 0, 0, 0, 1, 0, 0, 0, 1, -18.624, 0.751, 1.514)

[node name="Platforms-normal4" parent="World/Platforms" instance=ExtResource("2_yf35e")]
transform = Transform3D(1, 0, 0, 0, 1, 0, 0, 0, 1, -16.792, 1.21, -2.471)

[node name="platform-falling3" parent="World/Platforms" instance=ExtResource("8_fyuel")]
transform = Transform3D(0.939693, 0, 0.34202, 0, 1, 0, -0.34202, 0, 0.939693, -14.922, 0.454, -6.797)

[node name="platform-falling4" parent="World/Platforms" instance=ExtResource("8_fyuel")]
transform = Transform3D(1, 0, 0, 0, 1, 0, 0, 0, 1, -11.471, 0, -8.46)

[node name="Platforms-normal5" parent="World/Platforms" instance=ExtResource("2_yf35e")]
transform = Transform3D(1, 0, 0, 0, 1, 0, 0, 0, 1, -8.396, 0, -9.89)

[node name="platform-small5" parent="World/Platforms" instance=ExtResource("1_r6jg3")]
transform = Transform3D(1, 0, 0, 0, 1, 0, 0, 0, 1, -5.854, 0.493, -8.606)

[node name="platform-small6" parent="World/Platforms" instance=ExtResource("1_r6jg3")]
transform = Transform3D(0.966376, 0, -0.257133, 0, 1, 0, 0.257133, 0, 0.966376, -3.923, 1.116, -8.595)

[node name="Platforms-normal6" parent="World/Platforms" instance=ExtResource("2_yf35e")]
transform = Transform3D(1, 0, 0, 0, 1, 0, 0, 0, 1, -1.214, 0.896, -8.056)

[node name="Coins" type="Node3D" parent="World"]

[node name="coin" parent="World/Coins" instance=ExtResource("9_7dl5c")]
transform = Transform3D(1, 0, 0, 0, 1, 0, 0, 0, 1, -2.068, 1.361, 0.747)

[node name="coin2" parent="World/Coins" instance=ExtResource("9_7dl5c")]
transform = Transform3D(1, 0, 0, 0, 1, 0, 0, 0, 1, -4.675, 1.205, 3.711)

[node name="coin3" parent="World/Coins" instance=ExtResource("9_7dl5c")]
transform = Transform3D(1, 0, 0, 0, 1, 0, 0, 0, 1, -8.37851, 1.46, 3.90382)

[node name="coin4" parent="World/Coins" instance=ExtResource("9_7dl5c")]
transform = Transform3D(1, 0, 0, 0, 1, 0, 0, 0, 1, -16.993, 0.792148, 5.02842)

[node name="coin5" parent="World/Coins" instance=ExtResource("9_7dl5c")]
transform = Transform3D(1, 0, 0, 0, 1, 0, 0, 0, 1, -18.6338, 1.13043, 1.47344)

[node name="coin6" parent="World/Coins" instance=ExtResource("9_7dl5c")]
transform = Transform3D(1, 0, 0, 0, 1, 0, 0, 0, 1, -16.7379, 1.88839, -2.49959)

[node name="coin7" parent="World/Coins" instance=ExtResource("9_7dl5c")]
transform = Transform3D(1, 0, 0, 0, 1, 0, 0, 0, 1, -13.023, 1.80772, -7.54052)

[node name="coin8" parent="World/Coins" instance=ExtResource("9_7dl5c")]
transform = Transform3D(1, 0, 0, 0, 1, 0, 0, 0, 1, -8.36579, 0.598097, -9.9804)

[node name="coin9" parent="World/Coins" instance=ExtResource("9_7dl5c")]
transform = Transform3D(1, 0, 0, 0, 1, 0, 0, 0, 1, -5.8156, 0.598097, -8.66662)

[node name="coin10" parent="World/Coins" instance=ExtResource("9_7dl5c")]
transform = Transform3D(1, 0, 0, 0, 1, 0, 0, 0, 1, -3.84654, 1.53972, -8.66662)

[node name="Clouds" type="Node3D" parent="World"]

[node name="Cloud1" parent="World/Clouds" instance=ExtResource("11_ejfeg")]
transform = Transform3D(1, 0, 0, 0, 1, 0, 0, 0, 1, 2, 3.587, -12.905)

[node name="Cloud2" parent="World/Clouds" instance=ExtResource("11_ejfeg")]
transform = Transform3D(0.5, 0, 0, 0, 0.5, 0, 0, 0, 0.5, -2.386, 0.518, 5.193)

[node name="Cloud3" parent="World/Clouds" instance=ExtResource("11_ejfeg")]
transform = Transform3D(0.5, 0, 0, 0, 0.5, 0, 0, 0, 0.5, -11.012, 2.668, -12.426)

[node name="Cloud4" parent="World/Clouds" instance=ExtResource("11_ejfeg")]
transform = Transform3D(0.55, 0, 0, 0, 0.55, 0, 0, 0, 0.55, -11.399, 2.121, 9.218)

[node name="Cloud5" parent="World/Clouds" instance=ExtResource("11_ejfeg")]
transform = Transform3D(0.529146, 0.0188531, -0.148825, -0.0182347, 0.549677, 0.00479959, 0.148902, 0.000316504, 0.52946, -18.848, 3.309, 8.416)

[node name="Cloud6" parent="World/Clouds" instance=ExtResource("11_ejfeg")]
transform = Transform3D(0.4602, 0, 0.887815, 0, 1, 0, -0.887815, 0, 0.4602, -1.766, -0.866, -2.943)

[node name="Cloud7" parent="World/Clouds" instance=ExtResource("11_ejfeg")]
transform = Transform3D(0.4602, 0, 0.887815, 0, 1, 0, -0.887815, 0, 0.4602, -16.912, -3.647, -2.943)

[node name="Cloud8" parent="World/Clouds" instance=ExtResource("11_ejfeg")]
transform = Transform3D(0.854459, 0, 0.519519, 0, 1, 0, -0.519519, 0, 0.854459, -18.41, 3.181, -10.551)

[node name="Cloud9" parent="World/Clouds" instance=ExtResource("11_ejfeg")]
transform = Transform3D(0.750198, 0, -0.804489, 0, 1.1, 0, 0.804489, 0, 0.750198, -22.74, 3.111, -2.244)

[node name="ChangeLevel" parent="World" instance=ExtResource("9_x8b10")]
transform = Transform3D(0.5, 0, 0, 0, 0.5, 0, 0, 0, 0.5, -1, 1, -8)
next_scene = ExtResource("6_tk6wg")

[node name="Musica" type="AudioStreamPlayer" parent="World"]
stream = ExtResource("15_nqrsj")
volume_db = -2.506

[node name="Sun" type="DirectionalLight3D" parent="."]
transform = Transform3D(-0.422618, -0.694272, 0.582563, 0, 0.642788, 0.766044, -0.906308, 0.323744, -0.271654, 0, 0, 0)
shadow_enabled = true
shadow_opacity = 0.75

[node name="HUD" type="CanvasLayer" parent="."]
script = ExtResource("4_6d7cb")

[node name="TextureRect" type="TextureRect" parent="HUD"]
offset_left = 56.0
offset_top = 30.0
offset_right = 312.0
offset_bottom = 286.0
scale = Vector2(0.2, 0.2)
texture = ExtResource("3_ksjuc")

[node name="x" type="Label" parent="HUD"]
offset_left = 112.0
offset_top = 30.0
offset_right = 144.0
offset_bottom = 89.0
text = "×"
label_settings = SubResource("LabelSettings_uwg8i")

[node name="Coins" type="Label" parent="HUD"]
unique_name_in_owner = true
offset_left = 144.0
offset_top = 30.0
offset_right = 268.0
offset_bottom = 89.0
text = "0"
label_settings = SubResource("LabelSettings_uwg8i")

[node name="Timer" type="Label" parent="HUD"]
offset_left = 232.0
offset_top = 30.0
offset_right = 404.0
offset_bottom = 89.0
text = "Tiempo: "
label_settings = SubResource("LabelSettings_uwg8i")

[node name="Time" type="Label" parent="HUD"]
unique_name_in_owner = true
offset_left = 406.0
offset_top = 32.0
offset_right = 578.0
offset_bottom = 91.0
text = "00"
label_settings = SubResource("LabelSettings_uwg8i")

[connection signal="coin_collected" from="Player" to="HUD" method="_on_coin_collected"]
